0.000000 0.000000
0.100000 0.000000
0.200000 0.000000
0.300000 0.000000
0.400000 0.000000
0.500000 0.000000
0.600000 0.000000
0.700000 0.000000
0.800000 0.000000
0.900000 0.000000
1.000000 1.000000
1.100000 1.747993
1.200000 2.480956
1.300000 3.183860
1.400000 3.841674
1.500000 4.439368
1.600000 4.961913
1.700000 5.394278
1.800000 5.721435
1.900000 5.928352
2.000000 6.000000
2.100000 5.928379
2.200000 5.733609
2.300000 5.442839
2.400000 5.083218
2.500000 4.681896
2.600000 4.266023
2.700000 3.862747
2.800000 3.499218
2.900000 3.202586
3.000000 3.000000
3.100000 2.910490
3.200000 2.920607
3.300000 3.008785
3.400000 3.153454
3.500000 3.333047
3.600000 3.525997
3.700000 3.710734
3.800000 3.865693
3.900000 3.969304
4.000000 4.000000
4.100000 3.942661
4.200000 3.807962
4.300000 3.613023
4.400000 3.374967
4.500000 3.110915
4.600000 2.837991
4.700000 2.573315
4.800000 2.334010
4.900000 2.137198
5.000000 2.000000
5.100000 1.935865
5.200000 1.943547
5.300000 2.018125
5.400000 2.154679
5.500000 2.348291
5.600000 2.594039
5.700000 2.887004
5.800000 3.222266
5.900000 3.594905
6.000000 4.000000
6.100000 4.430879
6.200000 4.873852
6.300000 5.313479
6.400000 5.734315
6.500000 6.120921
6.600000 6.457852
6.700000 6.729668
6.800000 6.920926
6.900000 7.016184
7.000000 7.000000
7.100000 6.861620
7.200000 6.609044
7.300000 6.254961
7.400000 5.812059
7.500000 5.293026
7.600000 4.710552
7.700000 4.077323
7.800000 3.406030
7.900000 2.709359
8.000000 2.000000
8.100000 0.000000
8.200000 0.000000
8.300000 0.000000
8.400000 0.000000
8.500000 0.000000
8.600000 0.000000
8.700000 0.000000
8.800000 0.000000
8.900000 0.000000
